1 0.1375 0.17222222222222222 0.0671875 0.11388888888888889
1 0.34296875000000004 0.05347222222222223 0.03125 0.06527777777777778
1 0.49375 0.07013888888888889 0.035937500000000004 0.07083333333333333
0 0.534765625 0.11458333333333334 0.05390625 0.1125
1 0.38398437500000004 0.19236111111111112 0.06015625 0.09305555555555556
0 0.361328125 0.3493055555555556 0.07734375 0.1486111111111111
1 0.19921875 0.36736111111111114 0.0625 0.07083333333333333
1 0.626171875 0.21875 0.041406250000000006 0.07916666666666666
0 0.67109375 0.2548611111111111 0.06406250000000001 0.12638888888888888
0 0.8625 0.2673611111111111 0.09531250000000001 0.1736111111111111
0 0.7136718750000001 0.6930555555555555 0.11796875000000001 0.22222222222222224
