0 0.845 0.1664167916041979 0.056 0.08995502248875561
0 0.644 0.19640179910044978 0.046 0.07196401799100449
0 0.709 0.29235382308845576 0.034 0.05697151424287856
0 0.091 0.2098950524737631 0.042 0.07496251874062969
1 0.1955 0.29235382308845576 0.055 0.08995502248875561
1 0.021 0.20014992503748125 0.042 0.06446776611694152
1 0.3625 0.24662668665667165 0.047 0.0704647676161919
1 0.602 0.21814092953523237 0.036000000000000004 0.05847076461769115
1 0.7255 0.15442278860569714 0.047 0.06596701649175413
1 0.23750000000000002 0.23163418290854573 0.035 0.06446776611694152
