0 0.08251953125 0.2335285505124451 0.0458984375 0.06588579795021962
0 0.1865234375 0.11420204978038068 0.033203125 0.04978038067349927
0 0.25390625 0.28111273792093705 0.04296875 0.06149341142020498
0 0.36865234375 0.08711566617862372 0.0322265625 0.0424597364568082
0 0.4130859375 0.14568081991215226 0.041015625 0.0629575402635432
0 0.5166015625 0.35431918008784774 0.052734375 0.08784773060029283
0 0.45361328125 0.08125915080527087 0.0361328125 0.05417276720351391
0 0.517578125 0.09004392386530015 0.033203125 0.05124450951683748
0 0.61767578125 0.2642752562225476 0.0439453125 0.06881405563689605
0 0.60546875 0.20644216691068815 0.03515625 0.055636896046852125
1 0.41943359375 0.0746705710102489 0.0263671875 0.032210834553440704
1 0.59130859375 0.10102489019033675 0.0244140625 0.040995607613469986
0 0.59814453125 0.038799414348462666 0.0244140625 0.03367496339677892
0 0.66357421875 0.13396778916544655 0.0322265625 0.0424597364568082
1 0.626953125 0.022693997071742314 0.0234375 0.036603221083455345
0 0.74658203125 0.05636896046852123 0.0302734375 0.048316251830161056
0 0.76611328125 0.05856515373352855 0.0107421875 0.03513909224011713
1 0.72509765625 0.05124450951683748 0.0185546875 0.03513909224011713
1 0.87939453125 0.05636896046852123 0.0283203125 0.03953147877013177
0 0.9521484375 0.09882869692532943 0.03125 0.04538799414348463
