1 0.1485 0.8416370106761566 0.117 0.21352313167259784
1 0.0635 0.5871886120996441 0.10300000000000001 0.1387900355871886
0 0.043500000000000004 0.3887900355871886 0.081 0.09786476868327401
0 0.1395 0.3683274021352313 0.089 0.16725978647686832
0 0.20750000000000002 0.34430604982206403 0.041 0.08362989323843416
1 0.274 0.41192170818505336 0.094 0.17259786476868327
0 0.34450000000000003 0.6779359430604982 0.113 0.19217081850533807
0 0.442 0.646797153024911 0.08600000000000001 0.14412811387900354
0 0.5865 0.6379003558718861 0.133 0.2295373665480427
0 0.496 0.44128113879003555 0.042 0.14590747330960854
1 0.3575 0.36209964412811385 0.065 0.13345195729537365
1 0.452 0.3096085409252669 0.07 0.12455516014234874
1 0.582 0.2793594306049822 0.062 0.11387900355871886
1 0.21 0.18327402135231316 0.054 0.099644128113879
0 0.17350000000000002 0.20373665480427045 0.035 0.08362989323843416
0 0.1215 0.13701067615658363 0.041 0.07473309608540925
0 0.029 0.20640569395017794 0.058 0.11743772241992882
0 0.1945 0.04181494661921708 0.027 0.04804270462633452
0 0.243 0.11743772241992882 0.022 0.046263345195729534
0 0.2625 0.1877224199288256 0.043000000000000003 0.08362989323843416
0 0.40900000000000003 0.3185053380782918 0.04 0.10320284697508897
0 0.379 0.21441281138790033 0.038 0.06227758007117437
0 0.3335 0.16281138790035588 0.037 0.05871886120996441
0 0.3755 0.15480427046263345 0.043000000000000003 0.05693950177935943
0 0.332 0.054270462633451956 0.026000000000000002 0.055160142348754444
0 0.2915 0.05871886120996441 0.011 0.03914590747330961
0 0.3945 0.07829181494661921 0.023 0.046263345195729534
0 0.41100000000000003 0.11387900355871886 0.03 0.046263345195729534
1 0.47800000000000004 0.12188612099644128 0.038 0.07295373665480427
0 0.511 0.20640569395017794 0.042 0.09252669039145907
0 0.5035000000000001 0.2775800711743772 0.041 0.08540925266903915
0 0.5155 0.048932384341637006 0.013000000000000001 0.051601423487544484
0 0.577 0.057829181494661916 0.022 0.04092526690391459
0 0.6355000000000001 0.03914590747330961 0.027 0.05338078291814946
1 0.625 0.2695729537366548 0.026000000000000002 0.09430604982206406
0 0.679 0.3754448398576512 0.062 0.10320284697508897
0 0.686 0.1797153024911032 0.028 0.07117437722419928
1 0.6975 0.0596085409252669 0.021 0.04448398576512455
0 0.68 0.5222419928825622 0.028 0.07651245551601422
0 0.747 0.5774021352313167 0.082 0.17259786476868327
0 0.8155 0.7731316725978647 0.123 0.2473309608540925
0 0.847 0.2793594306049822 0.06 0.11387900355871886
1 0.9545 0.3185053380782918 0.025 0.099644128113879
0 0.894 0.26067615658362986 0.034 0.10142348754448398
0 0.739 0.3576512455516014 0.052000000000000005 0.07473309608540925
0 0.7955 0.21085409252669038 0.049 0.08362989323843416
0 0.7795 0.11120996441281138 0.045 0.08718861209964412
0 0.911 0.12633451957295372 0.02 0.060498220640569395
