0 0.07695312500000001 0.6458333333333334 0.13359375 0.28611111111111115
0 0.32421875 0.3909722222222222 0.029687500000000002 0.059722222222222225
0 0.40664062500000003 0.39861111111111114 0.03359375 0.075
0 0.5457031250000001 0.31666666666666665 0.032031250000000004 0.061111111111111116
0 0.1328125 0.4076388888888889 0.015625 0.029166666666666667
0 0.44140625 0.36458333333333337 0.0140625 0.029166666666666667
0 0.48945312500000004 0.3652777777777778 0.01640625 0.036111111111111115
0 0.6410156250000001 0.3402777777777778 0.01953125 0.025
0 0.70234375 0.3576388888888889 0.029687500000000002 0.051388888888888894
0 0.8992187500000001 0.30069444444444443 0.171875 0.32083333333333336
1 0.7312500000000001 0.30625 0.0140625 0.034722222222222224
0 0.21484375 0.39861111111111114 0.010937500000000001 0.036111111111111115
