0 0.089 0.29985007496251875 0.056 0.08695652173913043
0 0.34400000000000003 0.2691154422788606 0.052000000000000005 0.08545727136431784
0 0.367 0.6821589205397302 0.10200000000000001 0.19790104947526235
0 0.40800000000000003 0.4752623688155922 0.08600000000000001 0.13193403298350825
0 0.533 0.25337331334332835 0.03 0.05997001499250375
0 0.615 0.4340329835082459 0.09 0.15442278860569714
0 0.6955 0.3043478260869565 0.045 0.07496251874062969
0 0.7715 0.4490254872563718 0.057 0.0944527736131934
0 0.792 0.2788605697151424 0.052000000000000005 0.08095952023988005
0 0.891 0.5262368815592203 0.116 0.1649175412293853
0 0.929 0.21139430284857572 0.038 0.05997001499250375
0 0.873 0.21364317841079458 0.04 0.06446776611694152
0 0.0275 0.6094452773613194 0.055 0.11544227886056971
