0 0.05583333333333334 0.6261829652996845 0.085 0.18611987381703468
0 0.3041666666666667 0.334384858044164 0.06166666666666667 0.10725552050473186
0 0.34750000000000003 0.6829652996845426 0.115 0.26813880126182965
0 0.5508333333333334 0.49842271293375395 0.095 0.20189274447949526
2 0.5983333333333334 0.27602523659305994 0.06666666666666667 0.14195583596214512
0 0.6541666666666667 0.250788643533123 0.04833333333333334 0.11041009463722397
0 0.7516666666666667 0.2586750788643533 0.06333333333333334 0.138801261829653
0 0.8425 0.32965299684542587 0.09833333333333334 0.17350157728706625
0 0.9658333333333334 0.1608832807570978 0.03833333333333334 0.0946372239747634
0 0.6683333333333333 0.7082018927444794 0.11666666666666667 0.2113564668769716
1 0.3891666666666667 0.21451104100946372 0.045000000000000005 0.07570977917981073
