1 0.02 0.21416666666666667 0.035 0.06166666666666667
1 0.06625 0.18583333333333335 0.0475 0.07166666666666667
1 0.129375 0.17833333333333334 0.03125 0.05333333333333334
1 0.13375 0.2341666666666667 0.0225 0.07500000000000001
1 0.0625 0.39083333333333337 0.0325 0.06166666666666667
0 0.0925 0.5116666666666667 0.0575 0.09666666666666668
2 0.145625 0.6225 0.06125 0.10500000000000001
1 0.283125 0.9525 0.08375 0.09166666666666667
1 0.283125 0.04666666666666667 0.02875 0.05
1 0.295625 0.16166666666666668 0.04125 0.07
1 0.34750000000000003 0.20333333333333334 0.0325 0.07333333333333333
1 0.38 0.21833333333333335 0.03 0.07333333333333333
1 0.26125 0.3775 0.0425 0.065
0 0.3325 0.5358333333333334 0.0475 0.09166666666666667
0 0.41375 0.5308333333333334 0.0425 0.08833333333333333
1 0.496875 0.20583333333333334 0.03375 0.055
1 0.531875 0.2066666666666667 0.02875 0.060000000000000005
0 0.585 0.25833333333333336 0.03 0.09666666666666668
1 0.6725 0.12916666666666668 0.045 0.09166666666666667
1 0.755 0.15833333333333335 0.035 0.06333333333333334
0 0.884375 0.15583333333333335 0.05375 0.08833333333333333
0 0.87 0.31083333333333335 0.05 0.115
1 0.285625 0.05 0.03375 0.04
