0 0.25333333333333335 0.20638820638820637 0.04833333333333334 0.07862407862407862
0 0.39125000000000004 0.23955773955773954 0.030833333333333334 0.04668304668304668
1 0.4295833333333334 0.21805896805896804 0.03416666666666667 0.05036855036855037
1 0.45208333333333334 0.29606879606879605 0.03416666666666667 0.036855036855036855
2 0.5 0.23894348894348894 0.03333333333333333 0.060196560196560195
0 0.6066666666666667 0.21375921375921375 0.021666666666666667 0.04176904176904177
0 0.6420833333333333 0.2936117936117936 0.030833333333333334 0.06142506142506143
0 0.7466666666666667 0.2880835380835381 0.03666666666666667 0.07248157248157248
1 0.8254166666666667 0.24324324324324323 0.04583333333333334 0.07616707616707616
0 0.9116666666666667 0.2868550368550368 0.04833333333333334 0.08230958230958231
1 0.33708333333333335 0.2942260442260442 0.025833333333333337 0.03562653562653562
